data obs = [ 1.45942973, -0.04480512,  3.60566958,  4.99889057,  0.21985146, -0.46470414,  7.73594206,  1.03655178,  2.91669336,  3.06439474,  2.06540694,  1.61315907, -2.56594842,  1.38937506,  3.37299706,  2.82614589,  1.87025812,  3.48153067,  2.81839129,  6.68506526, -2.41082566, -3.57267313,  2.65813843,  0.49169507, -0.13144864,  3.65874186,  3.93497374, -3.19211798, -0.89805393,  2.4951916 ,  2.31628358,  3.3623023 ,  0.91502152,  3.92867296, -0.65667622, -0.51357204,  3.39616354,  1.01475427, -3.0406564 ,  8.59976102];

data x0 = [ 0.29, -0.34,  0.9 , -0.13,  2.16, -0.84,  0.02,  0.09,  1.62, 1.43, -0.33,  1.06, -0.37,  1.36, -1.13,  0.78,  0.35,  0.23, -0.78,  1.61, -2.91, -0.87, -0.44, -1.84, -1.75, -0.45,  1.95, -0.99, -0.51,  0.08,  0.75, -0.2 ,  1.39,  0.6 , -0.26, -0.92,  1.26,  0.71, -2.11,  1.11];
data x1 = [ 0.17,  0.11, -0.98,  1.29, -2.17, -0.99,  0.69, -0.31, -0.45, -0.33, -0.21,  0.43, -0.76, -0.93,  2.16,  0.4 ,  0.79,  1.49,  0.76,  0.37,  0.12,  1.07,  1.4 ,  0.14,  0.76,  1.37,  0.1 , -0.05, -1.24, -0.35,  0.33,  0.6 , -0.35,  0.62,  0.36,  0.2 , -0.06, -0.01,  0.35,  0.57];
data x2 = [-0.48,  0.27,  0.45,  0.37, -0.13,  0.38,  1.51,  0.56,  0.63, -0.5 ,  0.25, -1.05, -0.93, -0.47, -0.42, -0.28,  0.11, -0.76,  0.81,  1.07,  0.72, -2.66,  0.03,  1.37, -0.29, -0.48, -0.56, -0.85,  0.88,  0.85, -0.86,  0.25, -0.34,  0.17, -1.12,  1.09, -0.59, -0.21, -0.25,  1.19];
data x3 = [ 0.49,  1.03, -0.68,  0.52,  2.  ,  0.66, -1.01, -1.34,  0.16, -0.06,  0.48, -0.76,  0.98,  0.53,  0.67,  1.39,  1.48,  1.5 ,  0.97,  2.57, -1.45, -1.04, -0.72,  0.97,  0.35,  0.84,  0.59, 1.08, -1.98,  0.76,  0.29,  0.61,  1.28, -0.24, -0.45,  0.4 , 0.95,  1.04,  0.2 , -0.01];
data x4 = [ 0.98, -0.62,  0.32, -0.14, -0.28, -0.49, -0.34, -0.05,  1.13, -0.02,  0.29, -1.81,  0.1 , -0.81, -0.5 , -0.15,  0.21,  1.21, -0.38, -0.45,  1.65,  0.03,  1.56,  0.65, -1.01,  0.85, -1.27, -0.6 ,  0.79,  0.11, -0.45, -0.86, -0.52,  0.16,  0.08, -1.83, 0.83, -1.31, -0.83,  0.45];
data x5 = [ 0.43, -0.16,  1.2 , -0.11, -0.37, -0.26,  1.46, -0.32, -0.47,  0.61,  0.52, -0.15, -0.36, -0.56,  0.44, -0.34, -0.78, -0.02, -1.46,  0.5 , -0.55,  1.53, -0.22, -0.41,  0.66,  0.04,  1.61, -0.79, -0.66, -0.01, -0.89,  1.91, -0.45, -0.44,  0.91,  1.11, -1.57, -0.36,  0.53, -0.05];
data x6 = [ 0.33,  1.13,  0.01, -0.17,  1.1 , -0.01,  0.22, -0.5 , -0.8 ,  0.9 , -1.34, -0.4 ,  0.59, -0.8 ,  1.35, -0.31,  0.15,  1.29,  0.23,  1.44, -0.12, -2.26,  0.72,  1.  , -0.71, -0.13,  1.06, 0.05,  0.53,  0.12,  0.76,  1.28, -0.27,  0.95, -1.36, -0.83, -1.35,  0.31,  0.54, -1.31];
data x7 = [ 0.07, -1.6 ,  0.61, -1.62, -0.31,  1.01, -0.01, -1.06, -0.08, -0.62, -0.66, -0.84, -0.14,  0.11,  0.89, -0.71, -0.62,  1.12, -0.24,  0.27, -0.57,  0.26,  0.12,  1.78,  0.23,  0.95,  0.95, 0.42,  0.77,  1.15,  0.18,  2.46,  0.43,  1.57,  0.42, -0.19, -0.28, -1.41, -1.29,  0.15];
data x8 = [-0.18, -0.51,  1.75,  0.95, -1.31,  0.06,  0.  ,  1.05,  1.21, -1.06, -0.07,  0.59, -1.25, -0.65,  0.59,  0.38, -0.17,  0.23,  0.99,  0.29,  0.34, -2.  ,  0.03,  0.99,  0.46, -0.46,  0.03, -0.41,  0.36,  1.91,  1.51,  1.12, -0.43,  1.28,  0.34, -0.28, -0.23,  1.1,  0.2 , -1.14];

array[9] delta;
array[9] alpha;
array[40] y;

w = uniform([0,1],2);

for i in range(9) {
    if uniform([0,1],2) - w < 0 {
        delta[i] = 1;
    } else {
        delta[i] = 0;
    } end if;

    if delta[i] == 1 {
        alpha[i] = gm([1.], [0], [1]);
    } else {
        alpha[i] = gm([1.], [0], [0]);
    } end if;
} end for;

for i in range(40) {
    y[i] = 1 + gm([1.], [0.], [1.]) + x0[i]*alpha[0] + x1[i]*alpha[1] + x2[i]*alpha[2] + x3[i]*alpha[3] + x4[i]*alpha[4] + x5[i]*alpha[5]+ x6[i]*alpha[6] + x7[i]*alpha[7] + x8[i]*alpha[8];
} end for;

for i in range(40) {
    observe(y[i] == obs[i]);
} end for;